shape_id,shape_pt_sequence,shape_pt_lat,shape_pt_lon,shape_dist_traveled
nzl:north,1,52.401829749069,4.93232220411301,0
nzl:north,2,52.4015793686026,4.93200302124023,35
nzl:north,3,52.4013306232028,4.93166506290436,36
nzl:north,4,52.4007971250505,4.9309891462326,75
nzl:north,5,52.4003421736773,4.93037223815918,66
nzl:north,6,52.3999166753421,4.92978483438492,62
nzl:north,7,52.3995075384578,4.929259121418,58
nzl:north,8,52.3991114903404,4.92873072624206,57
nzl:north,9,52.3985239578659,4.92795825004578,84
nzl:north,10,52.3982506462215,4.92760956287384,39
nzl:north,11,52.3979838793313,4.92727428674698,37
nzl:north,12,52.3977302037986,4.9269711971283,35
nzl:north,13,52.3974748901772,4.92668151855469,35
nzl:north,14,52.3970313610792,4.92619067430496,60
nzl:north,15,52.3967842266958,4.92593854665756,32
nzl:north,16,52.396535454263,4.92568105459213,33
nzl:north,17,52.3957138406063,4.92491394281387,105
nzl:north,18,52.3950182393977,4.92435067892075,86
nzl:north,19,52.3944502933393,4.92392152547836,70
nzl:north,20,52.3938446943895,4.92351651191711,73
nzl:north,21,52.3930541297422,4.92298811674118,95
nzl:north,22,52.3922651877575,4.92249727249146,94
nzl:north,23,52.3917986905302,4.9221807718277,56
nzl:north,24,52.3913420095211,4.92184281349182,56
nzl:north,25,52.3910015417516,4.92155313491821,43
nzl:north,26,52.3907183622312,4.92127954959869,37
nzl:north,27,52.3904286333272,4.92098182439804,38
nzl:north,28,52.3897444072366,4.92014765739441,95
nzl:north,29,52.3893253544416,4.91956025362015,61
nzl:north,30,52.3888899281823,4.91883873939514,69
nzl:north,31,52.3884021147153,4.91791069507599,83
nzl:north,32,52.387986323142,4.91707116365433,74
nzl:north,33,52.3875623426624,4.9162021279335,76
nzl:north,34,52.3850331080978,4.91133391857147,435
nzl:north,35,52.38319625275,4.90731596946716,341
nzl:north,36,52.3818799564601,4.9046391248703,234
nzl:north,37,52.3814542801084,4.90374326705933,77
nzl:north,38,52.3812250680653,4.90324974060059,42
nzl:north,39,52.3809565610158,4.9028205871582,42
nzl:north,40,52.3803049334596,4.90204811096191,90
nzl:north,41,52.3795616078726,4.90132927894592,96
nzl:north,42,52.3778096676723,4.8997950553894,221
nzl:north,43,52.3772365880342,4.89907622337341,80
nzl:north,44,52.3768141417106,4.89852368831635,60
nzl:north,45,52.3764539129712,4.89795506000519,56
nzl:north,46,52.3759921609261,4.8971289396286,76
nzl:north,47,52.3756057264255,4.8963725566864,67
nzl:north,48,52.3745512015172,4.8949670791626,151
nzl:north,49,52.3734049502314,4.89356160163879,159
nzl:north,50,52.3730119429421,4.89330947399139,47
nzl:north,51,52.3724420761608,4.8932021856308,64
nzl:north,52,52.3719278797088,4.89316999912262,57
nzl:north,53,52.3714660803409,4.89305734634399,52
nzl:north,54,52.3706374495123,4.89283740520477,93
nzl:north,55,52.3695959072915,4.89252626895905,118
nzl:north,56,52.3690587501322,4.89246189594269,60
nzl:north,57,52.368790169103,4.89257454872131,31
nzl:north,58,52.3685117602148,4.89274084568024,33
nzl:north,59,52.3679385599199,4.89332556724548,75
nzl:north,60,52.3676110135549,4.8935079574585,39
nzl:north,61,52.3671819241419,4.89358305931091,48
nzl:north,62,52.3666512887222,4.8933470249176,61
nzl:north,63,52.3661501271955,4.89319682121277,57
nzl:north,64,52.3656162037585,4.89304661750793,60
nzl:north,65,52.364328864888,4.89259600639343,146
nzl:north,66,52.3622585618794,4.89173233509064,238
nzl:north,67,52.36110543966,4.89129781723022,132
nzl:north,68,52.3597065833907,4.89086329936981,158
nzl:north,69,52.3580062745762,4.89090621471405,189
nzl:north,70,52.3567514767911,4.89067554473877,141
nzl:north,71,52.3556604617712,4.89054143428802,122
nzl:north,72,52.3551002003482,4.8903751373291,63
nzl:north,73,52.3549134449623,4.8903751373291,21
nzl:north,74,52.354579249144,4.89049315452576,38
nzl:north,75,52.3534586917823,4.8909330368042,128
nzl:north,76,52.3521742753006,4.89142119884491,147
nzl:north,77,52.3519678477418,4.89142656326294,23
nzl:north,78,52.3513288991876,4.89143192768097,71
nzl:north,79,52.3509619091754,4.89155530929565,42
nzl:north,80,52.3503589903977,4.89156603813171,67
nzl:north,81,52.3497626169947,4.89152848720551,66
nzl:north,82,52.3480324332401,4.89126563072205,193
nzl:north,83,52.3463480605198,4.89105641841888,188
nzl:north,84,52.3445980800334,4.89084720611572,195
nzl:north,85,52.3439917972297,4.89089012145996,68
nzl:north,86,52.343378951568,4.89099740982056,69
nzl:north,87,52.3421761762962,4.89129781723022,135
nzl:north,88,52.3410290849294,4.89152312278748,129
nzl:north,89,52.3401113904098,4.89168405532837,103
nzl:north,90,52.339468992914,4.89156603813171,72
nzl:north,91,52.3391871216792,4.89140510559082,33
nzl:north,92,52.3386823710253,4.89070236682892,74
nzl:north,93,52.3384660475528,4.8900693655014,49
nzl:north,94,52.3383578854198,4.88948464393616,42
nzl:north,95,52.3383087207263,4.88893747329712,38
nzl:north,96,52.338338219549,4.88831520080566,43
nzl:north,97,52.3386627052988,4.88688826560974,104
nzl:north,98,52.3391084596186,4.88492488861084,143
nzl:north,99,52.3392985593589,4.88375544548035,82
nzl:north,100,52.3393772210813,4.88277912139893,67
nzl:north,101,52.3394034416244,4.88163113594055,78
nzl:north,102,52.3394001640574,4.88088011741638,51
nzl:north,103,52.3393575556638,4.87887382507324,137
nzl:north,104,52.3393051145078,4.87688899040222,135
nzl:north,105,52.339213342335,4.87477540969849,144
nzl:north,106,52.3391445130805,4.87331628799438,100



nzl:south,1,52.4019164818404,4.9321049451828,0
nzl:south,2,52.4013306232028,4.93136465549469,82
nzl:south,3,52.4007627583839,4.93066728115082,79
nzl:south,4,52.4005451022075,4.93038564920425,31
nzl:south,5,52.4003274449573,4.9301415681839,29
nzl:south,6,52.4001425172771,4.92991894483566,26
nzl:south,7,52.3999526792062,4.9297097325325,25
nzl:south,8,52.3991360388808,4.92868781089783,114
nzl:south,9,52.3988283628543,4.92828279733658,44
nzl:south,10,52.398517411499,4.92788046598434,44
nzl:south,11,52.3982637390335,4.92755055427551,36
nzl:south,12,52.3980100651097,4.92723405361176,36
nzl:south,13,52.3977711193058,4.92694973945618,33
nzl:south,14,52.3975043495166,4.92664396762848,36
nzl:south,15,52.3972703108888,4.92638111114502,32
nzl:south,16,52.3970542741307,4.92614507675171,29
nzl:south,17,52.3966058308172,4.92568910121918,59
nzl:south,18,52.3961606563051,4.92525994777679,58
nzl:south,19,52.3956991103414,4.9248468875885,59
nzl:south,20,52.3953684964355,4.92457330226898,41
nzl:south,21,52.3950247862837,4.92429703474045,43
nzl:south,22,52.3944748444728,4.92388397455215,67
nzl:south,23,52.3932800068007,4.9230819940567,144
nzl:south,24,52.3927726001959,4.92276012897491,61
nzl:south,25,52.3922668245812,4.92243021726608,61
nzl:south,26,52.3918265168188,4.92213785648346,53
nzl:south,27,52.3913551043828,4.92180526256561,57
nzl:south,28,52.3910146367144,4.92151021957397,43
nzl:south,29,52.3907330941586,4.92123126983643,37
nzl:south,30,52.3904531866979,4.92092818021774,37
nzl:south,31,52.3901798250669,4.92060363292694,38
nzl:south,32,52.3899801226855,4.92032468318939,29
nzl:south,33,52.3897444072366,4.91993844509125,37
nzl:south,34,52.3889685016595,4.91860270500183,125
nzl:south,35,52.3885494414984,4.91785705089569,69
nzl:south,36,52.3880665352071,4.91702020168304,78
nzl:south,37,52.3875868976276,4.9161833524704,78
nzl:south,38,52.3870728775079,4.91513729095459,91
nzl:south,39,52.3851215109731,4.91130709648132,339
nzl:south,40,52.384194909077,4.90931689739227,170
nzl:south,41,52.3831897041094,4.9071604013443,185
nzl:south,42,52.3819225238695,4.90450501441956,229
nzl:south,43,52.3813036551855,4.9031800031662,114
nzl:south,44,52.3810024037984,4.90268647670746,47
nzl:south,45,52.3803835222175,4.90194618701935,85
nzl:south,46,52.3796107266896,4.90121126174927,99
nzl:south,47,52.3778227665486,4.89969849586487,224
nzl:south,48,52.3772365880342,4.89892601966858,84
nzl:south,49,52.3768075921234,4.89835739135742,61
nzl:south,50,52.3764899359774,4.89782631397247,51
nzl:south,51,52.3760576579639,4.89709138870239,69
nzl:south,52,52.3756417501236,4.8963189125061,70
nzl:south,53,52.3745675763201,4.89490807056427,153
nzl:south,54,52.3734311505931,4.89351868629456,158
nzl:south,55,52.3730119429421,4.8932021856308,51
nzl:south,56,52.3723700235155,4.89307343959808,72
nzl:south,57,52.3719377051749,4.89305734634399,48
nzl:south,58,52.3714595299605,4.8929500579834,54
nzl:south,59,52.3706374495123,4.89273548126221,93
nzl:south,60,52.3695926319627,4.89241361618042,118
nzl:south,61,52.3690587501322,4.89234924316406,60
nzl:south,62,52.368790169103,4.89243507385254,30
nzl:south,63,52.3685183110323,4.89261746406555,33
nzl:south,64,52.3679025299387,4.89322900772095,80
nzl:south,65,52.3675913606957,4.89340603351593,37
nzl:south,66,52.3671688221095,4.8934543132782,47
nzl:south,67,52.3666676664539,4.89326119422913,57
nzl:south,68,52.3661534027795,4.8930948972702,58
nzl:south,69,52.3656194793821,4.89296615123749,60
nzl:south,70,52.3643354163259,4.89251017570496,146
nzl:south,71,52.3622683894963,4.89164650440216,237
nzl:south,72,52.3611087156181,4.89116907119751,133
nzl:south,73,52.3597164115751,4.89077210426331,157
nzl:south,74,52.3580029983882,4.89083111286163,191
nzl:south,75,52.3567580293525,4.89063799381256,139
nzl:south,76,52.3556670144943,4.89046096801758,122
nzl:south,77,52.3551133059597,4.89029467105865,63
nzl:south,78,52.3548937864547,4.89028930664062,24
nzl:south,79,52.3547168594929,4.89035367965698,20
nzl:south,80,52.3534488622061,4.8908793926239,146
nzl:south,81,52.3521644454387,4.8913300037384,146
nzl:south,82,52.3519154215415,4.89135682582855,28
nzl:south,83,52.351335452553,4.89135682582855,65
nzl:south,84,52.3509553557546,4.8914909362793,43
nzl:south,85,52.3503557136427,4.89148020744324,67
nzl:south,86,52.3497626169947,4.89143192768097,66
nzl:south,87,52.3480291563127,4.89120125770569,194
nzl:south,88,52.3463513375718,4.89100277423859,187
nzl:south,89,52.344584971304,4.89076137542725,197
nzl:south,90,52.3439917972297,4.89083111286163,66
nzl:south,91,52.343385506112,4.89091157913208,68
nzl:south,92,52.3421696215729,4.89122807979584,137
nzl:south,93,52.3410290849294,4.89144802093506,128
nzl:south,94,52.3401113904098,4.89161431789398,103
nzl:south,95,52.339468992914,4.89148557186127,72
nzl:south,96,52.339196954427,4.89132463932037,32
nzl:south,97,52.3387184248345,4.89063799381256,71
nzl:south,98,52.3385184897039,4.89009082317352,43
nzl:south,99,52.3384037724176,4.88948464393616,43
nzl:south,100,52.3383513301305,4.88892674446106,38
nzl:south,101,52.3383775512818,4.8883581161499,39
nzl:south,102,52.3385414331255,4.88758563995361,56
nzl:south,103,52.3387675890725,4.88664150238037,69
nzl:south,104,52.3391510682522,4.88494098186493,124
nzl:south,105,52.3393378902376,4.88370180130005,87
nzl:south,106,52.3394263845868,4.88284349441528,59
nzl:south,107,52.3394722704759,4.88163650035858,82
nzl:south,108,52.3394984909626,4.88091230392456,49
nzl:south,109,52.3394755480376,4.87892746925354,135
nzl:south,110,52.3394394948457,4.87795650959015,66
nzl:south,111,52.3394165518901,4.87696945667267,67
nzl:south,112,52.3393837762185,4.87578392028809,81
nzl:south,113,52.3393542780934,4.87463057041168,79
nzl:south,114,52.3392985593589,4.87331628799438,90
